0|0|w
500|0|t
1000|0|7
1500|0|y
2000|0|t
2500|0|7
3000|0|t
3500|0|y
4000|0|t
4500|0|3
5000|0|r
5500|0|w
7500|0|w
8000|0|t
8500|0|7
9000|0|y
9500|0|t
10000|0|7
10500|0|t
11000|0|y
11500|0|t
12000|0|w
12500|0|2
13000|0|q
15000|0|q
15500|0|3
16000|0|5
16500|0|y
19000|0|3
19500|0|5
20000|0|t
18500|0|,
22000|0|b
22500|0|j
23000|0|r
23500|0|3
24000|0|w
24500|0|r
25000|0|3
25500|0|3
26000|0|w
26500|0|w
27000|0|g
29500|0|t
30000|0|t
30500|0|5
31000|0|r
33000|0|y
34000|0|t
34500|0|3
35000|0|w
37000|0|w
37500|0|r
38000|0|w
38500|0|q
41000|0|3
41500|0|2
42000|0|w
40500|0|q
44500|0|w
45000|0|t
45500|0|7
46000|0|y
46500|0|t
47000|0|7
47500|0|t
48000|0|y
48500|0|t
49000|0|3
49500|0|r
50000|0|w
50000|3|b
52000|0|w
52500|0|t
53000|0|7
53500|0|y
54000|0|t
54500|0|7
53500|3|b
55000|0|t
55500|0|y
56000|0|t
56500|0|w
57000|0|2
57500|0|q
57500|3|,
59500|0|q
60000|0|3
60500|0|5
61000|0|y
61000|3|,
63000|0|q
63500|0|3
64000|0|5
64500|0|t
64500|3|b
67500|0|r
68000|0|3
68500|0|w
68000|3|z
69000|0|r
69500|0|3
66500|0|b
67000|0|j
70000|0|3
70500|0|w
71000|0|w
70000|3|x
71500|0|5
72000|0|t
72000|3|b
1500|3|b
5500|3|b
9000|3|b
13000|3|,
16500|3|,
20000|3|b
23500|3|z
27500|3|b
31000|3|v
33000|3|j
38500|3|h
42000|3|x
46000|3|b
25500|3|x
27500|0|b
0|1|♢
500|1|Ə
1000|1|Ƒ
1500|1|Ɛ
2000|1|Ə
2500|1|Ƒ
3000|1|Ə
3500|1|Ɛ
4000|1|Ə
4500|1|ƌ
5000|1|ƍ
5500|1|♢
7500|1|♢
8000|1|Ə
8500|1|Ƒ
9000|1|Ɛ
9500|1|Ə
10000|1|Ƒ
10500|1|Ə
11000|1|Ɛ
11500|1|Ə
12000|1|♢
12500|1|♡
13000|1|Ƌ
15000|1|Ƌ
15500|1|ƌ
16000|1|Ǝ
16500|1|Ɛ
19000|1|ƌ
19500|1|Ǝ
20000|1|Ə
18500|1|Ƌ
22000|1|Ə
22500|1|Ƒ
23000|1|ƍ
23500|1|ƌ
24000|1|♢
24500|1|ƍ
25000|1|ƌ
25500|1|ƌ
26000|1|♢
26500|1|♢
27000|1|Ǝ
27500|1|Ə
29500|1|Ə
30000|1|Ə
34000|1|Ə
30500|1|Ǝ
31000|1|ƍ
33000|1|Ɛ
35000|1|♢
34500|1|ƌ
32500|0|r
32500|1|ƍ
37000|1|♢
38000|1|♢
37500|1|ƍ
38500|1|Ƌ
40500|1|Ƌ
41000|1|ƌ
41500|1|♡
42000|1|♢
44500|1|♢
50000|1|♢
45000|1|Ə
46500|1|Ə
47500|1|Ə
48500|1|Ə
45500|1|Ƒ
47000|1|Ƒ
46000|1|Ɛ
48000|1|Ɛ
49000|1|ƌ
49500|1|ƍ
52000|1|♢
56500|1|♢
52500|1|Ə
53000|1|Ƒ
53500|1|Ɛ
54000|1|Ə
55000|1|Ə
56000|1|Ə
54500|1|Ƒ
55500|1|Ɛ
57000|1|♡
57500|1|Ƌ
59500|1|Ƌ
63000|1|Ƌ
60000|1|ƌ
63500|1|ƌ
60500|1|Ǝ
64000|1|Ǝ
61000|1|Ɛ
64500|1|Ə
66500|1|Ə
67000|1|Ƒ
67500|1|ƍ
68000|1|ƌ
69500|1|ƌ
70000|1|ƌ
68500|1|♢
70500|1|♢
71000|1|♢
69000|1|ƍ
71500|1|Ǝ
72000|1|Ə
